{"schema":"pandora_box_pool_v1","description":"Converted copy of the old Numerical/experiments/f_selected_boxes_100_0.5 box pool. The old Table 4 pool applies c_F > c_P to this list.","source_file":"f_selected_boxes_100_0.5","count":100,"boxes":[{"value_list":[1.2668873246011978,8.46495672222429],"condProb_matrix":[[0.08278034176742073,0.9172196582325792],[0.975098415096736,0.024901584903263996]],"type_list":[0.7486287028890217,0.2513712971109783],"T":2,"c_W":0.2061717935783156,"c_S":1.3421834673374602,"prob_matrix":[[0.3070834932957797,0.6929165067042203],[0.08278034176742073,0.9172196582325792],[0.975098415096736,0.024901584903263996]],"strongThresholds_list":[6.5279875926840205,7.001725464463614,0.10401098294860933],"weakThreshold":6.701430388057128,"sw_threshold":0.9240800609440784},{"value_list":[1.9396405094818754,3.2613450053645723,5.592830357267229,7.0564266020423325,9.142719996414302],"condProb_matrix":[[0.6385974014067726,0.03615318376491705,0.07929161974007326,0.23228360268164694,0.01367419240659018],[0.18719342082959944,0.26928478913172016,0.2672726909226437,0.21765756084661825,0.05859153826941843],[0.7947222464551486,0.005682571567649397,0.1451259037544912,0.012383483197165646,0.042085795025545214]],"type_list":[0.04319976483529483,0.8792507700080343,0.07754946515667083],"T":3,"c_W":0.05520269028452507,"c_S":1.7028776197809259,"prob_matrix":[[0.25380750213077097,0.23877134761799343,0.2496795348385739,0.2023705074821187,0.055371107930542944],[0.6385974014067726,0.03615318376491705,0.07929161974007326,0.23228360268164694,0.01367419240659018],[0.18719342082959944,0.26928478913172016,0.2672726909226437,0.21765756084661825,0.05859153826941843],[0.7947222464551486,0.005682571567649397,0.1451259037544912,0.012383483197165646,0.042085795025545214]],"strongThresholds_list":[3.225024111656574,1.8613114111906497,3.4287549926888437,1.1410180583838998],"weakThreshold":3.3130362569099274,"sw_threshold":1.8522844270776146},{"value_list":[1.577077920579733,2.311577005812154,4.963389459933476,7.780072779320227,8.096668087335427],"condProb_matrix":[[0.2926735904247253,0.13692905754686924,0.0683948859094633,0.23719014863793364,0.26481231748100853],[0.32991603161997607,0.39152762607418534,0.035541818715257634,0.10022446259545825,0.1427900609951227],[0.2792622662110621,0.3241453716668454,0.003970279347574546,0.004108117583094262,0.38851396519142367]],"type_list":[0.052578727448870675,0.14211361196615116,0.8053076605849782],"T":3,"c_W":0.47777165808013466,"c_S":0.25007976178177127,"prob_matrix":[[0.2871660061335676,0.3238777116689982,0.0118443886718658,0.030022715125847674,0.3470891783997207],[0.2926735904247253,0.13692905754686924,0.0683948859094633,0.23719014863793364,0.26481231748100853],[0.32991603161997607,0.39152762607418534,0.035541818715257634,0.10022446259545825,0.1427900609951227],[0.2792622662110621,0.3241453716668454,0.003970279347574546,0.004108117583094262,0.38851396519142367]],"strongThresholds_list":[7.4082677183983385,7.448879834183119,6.936657415002646,7.456212647472325],"weakThreshold":6.141645284075082,"sw_threshold":8.824519507197333},{"value_list":[2.8857216904824377,9.974862274557792],"condProb_matrix":[[0.14292449178110872,0.8570755082188912],[0.8816469775957028,0.11835302240429724]],"type_list":[0.9711900688891335,0.028809931110866493],"T":2,"c_W":1.9046851735871106,"c_S":1.489015761660117,"prob_matrix":[[0.16420703570747525,0.8357929642925248],[0.14292449178110872,0.8570755082188912],[0.8816469775957028,0.11835302240429724]],"strongThresholds_list":[8.19328061229113,8.237475744179289,2.2357861881118515],"weakThreshold":5.949243026953468,"sw_threshold":13.368563209805018},{"value_list":[0.8033710993070535,2.813118949361484,5.672115092745479,6.270961254620536,8.546929785145965],"condProb_matrix":[[0.1926014238552547,0.25985472504752216,0.13672606568130397,0.3921187305620101,0.018699054853909103],[0.04023533920261824,0.12271161250187168,0.029503092117607932,0.15018659010040525,0.6573633660774969],[0.0692074887697961,0.07492242657404236,0.045917331197456335,0.361958948666941,0.4479938047917642]],"type_list":[0.33893127427016023,0.5658826475352134,0.09518607819462632],"T":3,"c_W":2.9217523159863954,"c_S":1.0553576484015252,"prob_matrix":[[0.09463471572365921,0.1646448372057611,0.06740671822314688,0.25234273903593907,0.4209709898114938],[0.1926014238552547,0.25985472504752216,0.13672606568130397,0.3921187305620101,0.018699054853909103],[0.04023533920261824,0.12271161250187168,0.029503092117607932,0.15018659010040525,0.6573633660774969],[0.0692074887697961,0.07492242657404236,0.045917331197456335,0.361958948666941,0.4479938047917642]],"strongThresholds_list":[6.126576176315888,4.2716548385051585,6.941392716275541,6.2268553003084035],"weakThreshold":2.263032135064516,"sw_threshold":12.524039749533886},{"value_list":[1.138632971141253,3.257064704832486,5.174403424151357,6.691305485828044,9.66119650023731],"condProb_matrix":[[0.12560169829696277,0.4100289694545918,0.07861340364811287,0.13154550184697933,0.25421042675335326],[0.38808242525122505,0.29281264138442,0.2401340828526688,0.014683601402141977,0.0642872491095442],[0.15270379937915346,0.39742283848269333,0.10999857472039265,0.23661701095026577,0.10325777646749479]],"type_list":[0.06730621221245803,0.014663564306997112,0.9180302234805449],"T":3,"c_W":1.8113635581873408,"c_S":2.763947668701774,"prob_matrix":[[0.1543311492292798,0.3967373510567478,0.10979440812799887,0.22629071083829672,0.11284638074767685],[0.12560169829696277,0.4100289694545918,0.07861340364811287,0.13154550184697933,0.25421042675335326],[0.38808242525122505,0.29281264138442,0.2401340828526688,0.014683601402141977,0.0642872491095442],[0.15270379937915346,0.39742283848269333,0.10999857472039265,0.23661701095026577,0.10325777646749479]],"strongThresholds_list":[2.0112120490889875,2.647023873154942,0.5936095056073061,1.9832953867703162],"weakThreshold":0.06521963830340302,"sw_threshold":4.945066252140901},{"value_list":[1.6961899182703306,8.75260156125511],"condProb_matrix":[[0.09112614526553525,0.9088738547344648],[0.8279894071565281,0.17201059284347187]],"type_list":[0.840718770709679,0.15928122929032096],"T":2,"c_W":1.3877513676725863,"c_S":3.515937361446212,"prob_matrix":[[0.2084946314384083,0.7915053685615917],[0.09112614526553525,0.9088738547344648],[0.8279894071565281,0.17201059284347187]],"strongThresholds_list":[4.3106066307262125,4.884036806793157,-0.6058984928846182],"weakThreshold":3.067941272822017,"sw_threshold":6.063812979887097},{"value_list":[1.9921016486573866,3.050949957334823,5.20292690601559,7.172654779456382,8.602944397048036],"condProb_matrix":[[0.41167093462304305,0.02793082152747217,0.007826253133663141,0.003733507840956052,0.5488384828748656],[0.2206534944796149,0.1107336067646294,0.15342961274519384,0.024740418104658102,0.49044286790590375],[0.03730097120145959,0.05288466704301775,0.10596228659290918,0.1615984699511992,0.6422536052114143]],"type_list":[0.2415801478087868,0.5319298298983629,0.2264900222928503],"T":3,"c_W":0.4116345214375452,"c_S":2.6682613709576577,"prob_matrix":[[0.2252719988188006,0.07762789002089215,0.10750385585037138,0.05066254883182619,0.5389337064781097],[0.41167093462304305,0.02793082152747217,0.007826253133663141,0.003733507840956052,0.5488384828748656],[0.2206534944796149,0.1107336067646294,0.15342961274519384,0.024740418104658102,0.49044286790590375],[0.03730097120145959,0.05288466704301775,0.10596228659290918,0.1615984699511992,0.6422536052114143]],"strongThresholds_list":[4.147110044034543,3.7845351182684563,3.779068662701219,5.020153188797742],"weakThreshold":3.5565040843454714,"sw_threshold":4.618871946708287},{"value_list":[0.14767020205130033,2.689759656468321,4.186927011611344,6.533604142367389,9.300258138838744],"condProb_matrix":[[0.39356847613260426,0.08259705689325192,0.2890358415652534,0.18425400193801156,0.05054462347087885],[0.19929644326431428,0.21718440614930756,0.07203118552668386,0.4758151901218751,0.035672774937819174],[0.2538041506676001,0.36051184480774734,0.059242753825269445,0.11883491535611623,0.2076063353432669]],"type_list":[0.021248194673901308,0.70359815705781,0.2751536482682887],"T":3,"c_W":0.8283613092958918,"c_S":0.48215239917471286,"prob_matrix":[[0.21842236778914878,0.2537617355954896,0.07312335906506037,0.3713956162743758,0.08329692127592553],[0.39356847613260426,0.08259705689325192,0.2890358415652534,0.18425400193801156,0.05054462347087885],[0.19929644326431428,0.21718440614930756,0.07203118552668386,0.4758151901218751,0.035672774937819174],[0.2538041506676001,0.36051184480774734,0.059242753825269445,0.11883491535611623,0.2076063353432669]],"strongThresholds_list":[5.979884195953199,5.075930035672922,5.784056016747076,6.97780637845425],"weakThreshold":4.162191385957717,"sw_threshold":10.610771847309348},{"value_list":[1.5486498018191146,7.421916793704307],"condProb_matrix":[[0.0705148218060905,0.9294851781939095],[0.9096842473104885,0.09031575268951153]],"type_list":[0.9019094668299953,0.09809053317000471],"T":2,"c_W":1.1585281907799738,"c_S":1.960535953862205,"prob_matrix":[[0.15282939817378344,0.8471706018262166],[0.0705148218060905,0.9294851781939095],[0.9096842473104885,0.09031575268951153]],"strongThresholds_list":[5.107699518893469,5.312612639953098,0.11861809724773001],"weakThreshold":3.930618819241068,"sw_threshold":6.47520157800221},{"value_list":[1.2433335872866496,3.377180534003746,5.902941474578135,7.302525347365422,9.106893573536937],"condProb_matrix":[[0.14007445183280032,0.12139128441631497,0.09903784262279591,0.06999853078090257,0.5694978903471862],[0.4055703742822224,0.01158719987654766,0.0742807466142662,0.13841710132627805,0.37014457790068567],[0.23826271094880913,0.014200474796048468,0.12403875732464409,0.2546774538293355,0.3688206031011628]],"type_list":[0.34437113344072,0.2354457799617493,0.4201830865975307],"T":3,"c_W":0.2516093797335458,"c_S":1.8071560393820607,"prob_matrix":[[0.2438413921535713,0.05049861084773173,0.10371385035066388,0.16370635440282486,0.43823979224520826],[0.14007445183280032,0.12139128441631497,0.09903784262279591,0.06999853078090257,0.5694978903471862],[0.4055703742822224,0.01158719987654766,0.0742807466142662,0.13841710132627805,0.37014457790068567],[0.23826271094880913,0.014200474796048468,0.12403875732464409,0.2546774538293355,0.3688206031011628]],"strongThresholds_list":[5.656543063137845,6.083401895915315,5.169627746261579,5.5430790717947325],"weakThreshold":5.331230230591979,"sw_threshold":6.002291356066118},{"value_list":[0.05394939948579536,3.839056313787829,5.19758964413042,6.672899543105924,9.199612245788877],"condProb_matrix":[[0.42699719234408295,0.008446775349041924,0.13568022198685437,0.3369363771780888,0.09193943314193198],[0.018578948503894077,0.04816538911434054,0.3377657183386539,0.4458077482395192,0.14968219580359232],[0.10229064339280824,0.04894221657143116,0.30745542668285086,0.10005729798388974,0.44125441536902]],"type_list":[0.12381775009147826,0.47033023054219375,0.40585201936632803],"T":3,"c_W":2.0438821685458395,"c_S":3.646295926017702,"prob_matrix":[[0.10312293696774275,0.043562796713328286,0.3004424537781644,0.292004021592254,0.26086779094851054],[0.42699719234408295,0.008446775349041924,0.13568022198685437,0.3369363771780888,0.09193943314193198],[0.018578948503894077,0.04816538911434054,0.3377657183386539,0.4458077482395192,0.14968219580359232],[0.10229064339280824,0.04894221657143116,0.30745542668285086,0.10005729798388974,0.44125441536902]],"strongThresholds_list":[2.7103655224809398,0.3237699824647643,2.696024493698244,3.1933051253525213],"weakThreshold":0.4407075741314015,"sw_threshold":5.047933376799775},{"value_list":[1.384706799730578,9.751991632284959],"condProb_matrix":[[0.17685347342929253,0.8231465265707074],[0.8458658468130013,0.15413415318699875]],"type_list":[0.29530494999313284,0.7046950500068672],"T":2,"c_W":0.4965329129651348,"c_S":3.2876208594921823,"prob_matrix":[[0.648303181346138,0.35169681865386193],[0.17685347342929253,0.8231465265707074],[0.8458658468130013,0.15413415318699875]],"strongThresholds_list":[1.0398998651108817,5.758010268087533,-0.6131506172584866],"weakThreshold":3.7155327128328413,"sw_threshold":0.09129297285302868},{"value_list":[0.2730078599527026,3.223845238328577,4.0014421055710265,6.136353545574961,8.251487109284168],"condProb_matrix":[[0.16189571082858378,0.28068201471746346,0.014655358222635861,0.1613893970714576,0.3813775191598593],[0.04015219721473906,0.12896247655186144,0.106368055316445,0.5476905477654,0.17682672315155445],[0.008482308227675817,0.2866597053779293,0.18243604747805986,0.05163485562223813,0.4707870832940969]],"type_list":[0.2893576656259397,0.6075268867123822,0.10311544766167813],"T":3,"c_W":0.6383104008517605,"c_S":0.40554701178577235,"prob_matrix":[[0.0721139613388443,0.1891247082907118,0.08767406844159142,0.38476034381152074,0.2663269181173317],[0.16189571082858378,0.28068201471746346,0.014655358222635861,0.1613893970714576,0.3813775191598593],[0.04015219721473906,0.12896247655186144,0.106368055316445,0.5476905477654,0.17682672315155445],[0.008482308227675817,0.2866597053779293,0.18243604747805986,0.05163485562223813,0.4707870832940969]],"strongThresholds_list":[6.72893031638138,7.188270877893022,6.092691579462885,7.390118372526816],"weakThreshold":5.3983395547769515,"sw_threshold":9.295344521921702},{"value_list":[0.11163067585035258,8.97032526101454],"condProb_matrix":[[0.13689009885756587,0.8631099011424341],[0.8361500955774048,0.16384990442259517]],"type_list":[0.8030232563720932,0.19697674362790685],"T":2,"c_W":0.43445857936699106,"c_S":1.3796159521677263,"prob_matrix":[[0.2746280559607006,0.7253719440392994],[0.13689009885756587,0.8631099011424341],[0.8361500955774048,0.16384990442259517]],"strongThresholds_list":[7.068282744670525,7.371982474343051,0.5503433190572853],"weakThreshold":6.744994854295107,"sw_threshold":7.667363341278689},{"value_list":[1.2403592996182997,2.956785776387777,4.267390350309823,6.096958800319646,8.742735176048424],"condProb_matrix":[[0.01728561911370352,0.1562730947268659,0.21735735090136565,0.5164821883673373,0.09260174689072764],[0.007757649505126252,0.323406331990865,0.14418554273708506,0.05820077376114585,0.46644970200577784],[0.07792587098644188,0.2934403984242109,0.13108178698537198,0.35974847041886826,0.137803473185107]],"type_list":[0.10329507162425133,0.22731125982577238,0.6693936685499763],"T":3,"c_W":2.9187886067027806,"c_S":1.4171190850201576,"prob_matrix":[[0.05571200500128305,0.28608328607517974,0.14297225876786834,0.30739310421546384,0.20783934594020503],[0.01728561911370352,0.1562730947268659,0.21735735090136565,0.5164821883673373,0.09260174689072764],[0.007757649505126252,0.323406331990865,0.14418554273708506,0.05820077376114585,0.46644970200577784],[0.07792587098644188,0.2934403984242109,0.13108178698537198,0.35974847041886826,0.137803473185107]],"strongThresholds_list":[4.413855009990241,4.197507600257682,5.748265988121313,4.041168670734944],"weakThreshold":0.8805080774506007,"sw_threshold":13.07864286777136},{"value_list":[1.0757784251742613,3.4653630902028634,5.781976867591351,7.540451979439067,8.224491801228675],"condProb_matrix":[[0.5154565825335533,0.07827367326885937,0.22172180888023185,0.047606046022143245,0.13694188929521223],[0.327904891355959,0.07787196024098064,0.14416844559927722,0.17225863022344612,0.277796072580337],[0.38995978463840997,0.12938538535259902,0.045662159567571026,0.09695192262454,0.33804074781688]],"type_list":[0.20008379876907834,0.7125235291366672,0.0873926720942545],"T":3,"c_W":0.8500803552087709,"c_S":0.20138860536760173,"prob_matrix":[[0.37085408913281426,0.08245423237884525,0.15107688957745724,0.14073641324637795,0.2548783756645053],[0.5154565825335533,0.07827367326885937,0.22172180888023185,0.047606046022143245,0.13694188929521223],[0.327904891355959,0.07787196024098064,0.14416844559927722,0.17225863022344612,0.277796072580337],[0.38995978463840997,0.12938538535259902,0.045662159567571026,0.09695192262454,0.33804074781688]],"strongThresholds_list":[7.472215053734626,6.95727728239449,7.515205926058395,7.628825716134688],"weakThreshold":5.450021092959413,"sw_threshold":9.275960761805047},{"value_list":[1.209614866788435,9.661983165370913],"condProb_matrix":[[0.027235365468207817,0.9727646345317922],[0.9720567786192658,0.02794322138073424]],"type_list":[0.659256929887869,0.340743070112131],"T":2,"c_W":0.9258640466103658,"c_S":3.268038892431811,"prob_matrix":[[0.34917671449298143,0.6508232855070185],[0.027235365468207817,0.9727646345317922],[0.9720567786192658,0.02794322138073424]],"strongThresholds_list":[4.6405999029628635,6.302526178059706,-1.822150009433276],"weakThreshold":4.858636103156472,"sw_threshold":0.89474655142023},{"value_list":[1.9970951401688635,3.51685960068966,4.336013711514581,7.374467810589884,8.059184005058162],"condProb_matrix":[[0.03044435464875639,0.21227728393838463,0.04468620549438895,0.05383590349182665,0.6587562524266434],[0.010032152868787891,0.5817229632851146,0.10913835365754054,0.08589321020030871,0.21321331998824822],[0.3656880535699706,0.09157975690709386,0.02981844130984368,0.370565903177165,0.1423478450359269]],"type_list":[0.17455836698271446,0.4442823096815328,0.38115932333575275],"T":3,"c_W":0.6704163086483319,"c_S":4.323592819971609,"prob_matrix":[[0.14915683592965132,0.3304104759288673,0.06765416780815349,0.1888029901186371,0.26397553021469083],[0.03044435464875639,0.21227728393838463,0.04468620549438895,0.05383590349182665,0.6587562524266434],[0.010032152868787891,0.5817229632851146,0.10913835365754054,0.08589321020030871,0.21321331998824822],[0.3656880535699706,0.09157975690709386,0.02981844130984368,0.370565903177165,0.1423478450359269]],"strongThresholds_list":[0.9494474132879097,2.3956902750915985,0.5673049808721848,0.7380769889039933],"weakThreshold":0.2790362195100965,"sw_threshold":1.458366090771348},{"value_list":[0.6006426439561432,3.0213133694918684,5.968256739870133,6.45059327756115,8.429773610435227],"condProb_matrix":[[0.1311042006601889,0.1985996740551339,0.11813850340853327,0.19933623762288233,0.3528213842532616],[0.008482984574646024,0.06340432255712103,0.42062862997028405,0.5022576257267726,0.0052264371711763236],[0.10377092527698595,0.43685375424083284,0.04319984597572235,0.24762479863613895,0.1685506758703199]],"type_list":[0.0010852860362171868,0.36598943527059813,0.6329252786931847],"T":3,"c_W":1.1155454960679854,"c_S":3.6957860849064734,"prob_matrix":[[0.06892621009333579,0.29991663381048805,0.18141612336324525,0.3407653163234191,0.10897571640951184],[0.1311042006601889,0.1985996740551339,0.11813850340853327,0.19933623762288233,0.3528213842532616],[0.008482984574646024,0.06340432255712103,0.42062862997028405,0.5022576257267726,0.0052264371711763236],[0.10377092527698595,0.43685375424083284,0.04319984597572235,0.24762479863613895,0.1685506758703199]],"strongThresholds_list":[1.514311361849225,2.1514579014461725,2.3096258115868427,1.0043448938661577],"weakThreshold":0.33578940628128406,"sw_threshold":2.7124303771160125},{"value_list":[0.5654274069595782,9.448190151580192],"condProb_matrix":[[0.12173653482287046,0.8782634651771295],[0.8267267804372296,0.17327321956277042]],"type_list":[0.8890311788843334,0.11096882111566664],"T":2,"c_W":1.4800425863128683,"c_S":3.6741678865303733,"prob_matrix":[[0.19996847127674017,0.8000315287232598],[0.12173653482287046,0.8782634651771295],[0.8267267804372296,0.17327321956277042]],"strongThresholds_list":[4.855701787736495,5.26475651660464,-1.569511521163942],"weakThreshold":3.369212453069613,"sw_threshold":6.705615948364613},{"value_list":[0.28517881992481753,3.109274248495407,4.036030225792555,6.622341563955621,8.913181119801113],"condProb_matrix":[[0.08697093715345872,0.17780630327618807,0.26250357971846305,0.2167300588627985,0.25598912098909166],[0.37217103692309395,0.5696935065061475,0.007403705980773112,0.04970292266354859,0.0010288279264368816],[0.027515364682968002,0.6359501510310748,0.07257507344165459,0.2524932185218747,0.01146619232242796]],"type_list":[0.24788207152109373,0.6333489493401103,0.11876897913879592],"T":3,"c_W":0.06233607739422986,"c_S":2.7863583038397968,"prob_matrix":[[0.26054064304781893,0.48042092879828496,0.07837872791004938,0.11519115160320229,0.06546854864064437],[0.08697093715345872,0.17780630327618807,0.26250357971846305,0.2167300588627985,0.25598912098909166],[0.37217103692309395,0.5696935065061475,0.007403705980773112,0.04970292266354859,0.0010288279264368816],[0.027515364682968002,0.6359501510310748,0.07257507344165459,0.2524932185218747,0.01146619232242796]],"strongThresholds_list":[0.5004927554083224,2.7851701969743665,-0.5406160887306356,1.2938149794570808],"weakThreshold":2.509643664195586,"sw_threshold":-0.4422189519432157},{"value_list":[0.08479138146256793,9.057110932298482],"condProb_matrix":[[0.07051398180522093,0.929486018194779],[0.8500205168477092,0.14997948315229082]],"type_list":[0.702849079935881,0.29715092006411903],"T":2,"c_W":0.3405663046632683,"c_S":3.5097053636687408,"prob_matrix":[[0.30214506588908974,0.6978549341109103],[0.07051398180522093,0.929486018194779],[0.8500205168477092,0.14997948315229082]],"strongThresholds_list":[4.02789364326383,5.281083377292045,-2.0791651696023963],"weakThreshold":4.7597241675666,"sw_threshold":-0.9331539728055919},{"value_list":[1.005752873646545,7.392723052599893],"condProb_matrix":[[0.13030181129777227,0.8696981887022277],[0.8414062927842305,0.15859370721576949]],"type_list":[0.628778146578104,0.37122185342189595],"T":2,"c_W":0.40580547584496185,"c_S":0.6999363128925045,"prob_matrix":[[0.39427933489179157,0.6057206651082084],[0.13030181129777227,0.8696981887022277],[0.8414062927842305,0.15859370721576949]],"strongThresholds_list":[6.237169331768482,6.587922280783221,2.9796018898195498],"weakThreshold":5.845713711338596,"sw_threshold":6.9070775041045085},{"value_list":[2.6061205293233325,8.095543253191469],"condProb_matrix":[[0.13375333924609503,0.866246660753905],[0.8905033703986511,0.10949662960134887]],"type_list":[0.5556921583050665,0.44430784169493354],"T":2,"c_W":1.9591806573480532,"c_S":2.8139884485761866,"prob_matrix":[[0.46998331229006096,0.530016687709939],[0.13375333924609503,0.866246660753905],[0.8905033703986511,0.10949662960134887]],"strongThresholds_list":[2.7862270356738112,4.847053505486137,0.39326413164230567],"weakThreshold":1.0215894193858788,"sw_threshold":6.482660977536712},{"value_list":[0.31532330763905825,2.811789501119928,4.202342937271012,6.619470559391009,9.592373831360046],"condProb_matrix":[[0.15006787551167555,0.1742552544815691,0.06990611902166799,0.6037259286501411,0.0020448223349462946],[0.3254671500476034,0.07862963772399578,0.0810364591381183,0.4854914959073088,0.029375257182973735],[0.37386148468620095,0.08348363347485444,0.2048505978861661,0.15009926709421695,0.18770501685856156]],"type_list":[0.2761803377823645,0.5038949383984443,0.21992472381919115],"T":3,"c_W":2.5473994587213853,"c_S":0.06077947575443443,"prob_matrix":[[0.28766842983929625,0.10610706653567643,0.10519226831419987,0.44438447818690824,0.056647757123919174],[0.15006787551167555,0.1742552544815691,0.06990611902166799,0.6037259286501411,0.0020448223349462946],[0.3254671500476034,0.07862963772399578,0.0810364591381183,0.4854914959073088,0.029375257182973735],[0.37386148468620095,0.08348363347485444,0.2048505978861661,0.15009926709421695,0.18770501685856156]],"strongThresholds_list":[8.518706741687982,6.529284692753944,7.521612811526312,9.268470805306471],"weakThreshold":2.2702273751337745,"sw_threshold":12.200552765835866},{"value_list":[2.3877443550152853,7.423281985990308],"condProb_matrix":[[0.10598992098629223,0.8940100790137078],[0.8862659013433336,0.1137340986566664]],"type_list":[0.34391414751436267,0.6560858524856373],"T":2,"c_W":0.196378145584845,"c_S":1.8604483280033475,"prob_matrix":[[0.6179179527329082,0.3820820472670919],[0.10598992098629223,0.8940100790137078],[0.8862659013433336,0.1137340986566664]],"strongThresholds_list":[2.553856278508368,5.342270172592467,1.1001048462210397],"weakThreshold":4.7034495745767515,"sw_threshold":1.39939223080387},{"value_list":[1.1760796497910808,3.7995243003588945,4.194040036570948,6.1765537878526935,9.356096967147826],"condProb_matrix":[[0.31859959468299515,0.10872487577317036,0.07096251119665353,0.35017846958819576,0.1515345487589852],[0.3679436519647753,0.3727188796657638,0.029730373843284696,0.031630397425465584,0.19797669710071064],[0.15400220567636058,0.11275908670690271,0.29895816157499877,0.20170901867086655,0.2325715273708714]],"type_list":[0.18351650744463707,0.5984519052473342,0.21803158730802874],"T":3,"c_W":0.2699882000599848,"c_S":2.311489035487773,"prob_matrix":[[0.31224220978403644,0.2675921757899821,0.09599731359142714,0.12717173883928784,0.19699656199526644],[0.31859959468299515,0.10872487577317036,0.07096251119665353,0.35017846958819576,0.1515345487589852],[0.3679436519647753,0.3727188796657638,0.029730373843284696,0.031630397425465584,0.19797669710071064],[0.15400220567636058,0.11275908670690271,0.29895816157499877,0.20170901867086655,0.2325715273708714]],"strongThresholds_list":[2.524858341228319,2.9056516285079086,2.0205626654310604,3.300952460489453],"weakThreshold":2.268942732362925,"sw_threshold":2.7341154294198713},{"value_list":[1.9857653207507462,3.609478810691191,5.98497141328019,7.617604762261472,8.423563597610773],"condProb_matrix":[[0.05494894759602742,0.27568751835069527,0.2011660811534327,0.4600911632289403,0.00810628967090432],[0.20255374363974643,0.14359355082776804,0.258397505432012,0.03728703827817281,0.3581681618223007],[0.40280963100935796,0.21323832160583533,0.17903184634298075,0.20345376928543735,0.0014664317563886087]],"type_list":[0.31306662274874664,0.11819851687313021,0.5687348603781232],"T":3,"c_W":0.3538132731003888,"c_S":1.0041288957952461,"prob_matrix":[[0.27023611278387494,0.22455717211018397,0.19534223967719866,0.2641577103196544,0.04570676510908803],[0.05494894759602742,0.27568751835069527,0.2011660811534327,0.4600911632289403,0.00810628967090432],[0.20255374363974643,0.14359355082776804,0.258397505432012,0.03728703827817281,0.3581681618223007],[0.40280963100935796,0.21323832160583533,0.17903184634298075,0.20345376928543735,0.0014664317563886087]],"strongThresholds_list":[5.071563246661234,5.636457522883656,5.878119455265466,4.2443907046133305],"weakThreshold":4.4683417786252,"sw_threshold":5.752843601443832},{"value_list":[2.059071099538425,9.166732696564962],"condProb_matrix":[[0.078842116375782,0.921157883624218],[0.9323804675311974,0.06761953246880259]],"type_list":[0.5175735071304419,0.4824264928695581],"T":2,"c_W":1.4608810142628446,"c_S":3.938079698598831,"prob_matrix":[[0.49061162965335436,0.5093883703466456],[0.078842116375782,0.921157883624218],[0.9323804675311974,0.06761953246880259]],"strongThresholds_list":[1.7416082084607445,4.891490755095022,-1.3983112394196098],"weakThreshold":1.845656649273808,"sw_threshold":1.6297947657978136},{"value_list":[1.396670373247893,3.0030225030031374,5.396448155140067,6.329223419249613,9.696515669397826],"condProb_matrix":[[0.0852471609408405,0.2297336109870597,0.2953381963471481,0.08761047191268534,0.3020705598122664],[0.5108478868328375,0.17805021764286477,0.0577695149447377,0.1870653134285114,0.06626706715104858],[0.1510972475417499,0.20006338446673588,0.10486752742385774,0.07063542566756198,0.4733364149000945]],"type_list":[0.15463904290054845,0.7166408396492375,0.12872011745021406],"T":3,"c_W":1.1815012599853931,"c_S":1.6127083845069101,"prob_matrix":[[0.3987262533807821,0.18887602554248348,0.10056937015793574,0.1566988430973737,0.155129507821425],[0.0852471609408405,0.2297336109870597,0.2953381963471481,0.08761047191268534,0.3020705598122664],[0.5108478868328375,0.17805021764286477,0.0577695149447377,0.1870653134285114,0.06626706715104858],[0.1510972475417499,0.20006338446673588,0.10486752742385774,0.07063542566756198,0.4733364149000945]],"strongThresholds_list":[3.457791443573412,5.057681346253345,2.167378052572404,6.294661491700373],"weakThreshold":1.3686570755562315,"sw_threshold":6.916251223609084},{"value_list":[0.7117194889881122,3.218150118364502,4.488355619942785,6.754931411409888,8.479300509113264],"condProb_matrix":[[0.03613017721549572,0.43145530588019554,0.3047925663272679,0.16574887815103678,0.06187307242600404],[0.04469047220287936,0.012197510033256087,0.2584598063869247,0.3361241206433314,0.34852809073360846],[0.10562534923196365,0.2336488925611957,0.4078601288940601,0.1454414660957044,0.10742416321707615]],"type_list":[0.0785552808317315,0.12451062294598333,0.7969340962222852],"T":3,"c_W":2.6435218710414388,"c_S":1.5088579857055462,"prob_matrix":[[0.09257909697973235,0.22161458131898426,0.3811617003482894,0.1707787366553955,0.13386588469759841],[0.03613017721549572,0.43145530588019554,0.3047925663272679,0.16574887815103678,0.06187307242600404],[0.04469047220287936,0.012197510033256087,0.2584598063869247,0.3361241206433314,0.34852809073360846],[0.10562534923196365,0.2336488925611957,0.4078601288940601,0.1454414660957044,0.10742416321707615]],"strongThresholds_list":[3.6315469186332603,3.0002825790666394,5.428882690290983,3.352469641419347],"weakThreshold":0.6262363732999476,"sw_threshold":12.631680365860248},{"value_list":[0.2586054938305069,3.2595779318001004,5.734971525868444,7.398022124653345,8.42505707400737],"condProb_matrix":[[0.4030284675783271,0.14008069489642228,0.035070327737488305,0.1455599843165013,0.276260525471261],[0.292203737954534,0.009128168067391695,0.09968017619533809,0.23023899946853932,0.36874891831419687],[0.08361378857712853,0.785349022959284,0.026458316343412225,0.035845612038573726,0.06873326008160152]],"type_list":[0.28360785478517714,0.027914028671540025,0.6884781165432828],"T":3,"c_W":0.007131907415182215,"c_S":0.7429069473457783,"prob_matrix":[[0.1800248863030704,0.5806784054776584,0.030944667515561786,0.07238777238969693,0.1359642683140126],[0.4030284675783271,0.14008069489642228,0.035070327737488305,0.1455599843165013,0.276260525471261],[0.292203737954534,0.009128168067391695,0.09968017619533809,0.23023899946853932,0.36874891831419687],[0.08361378857712853,0.785349022959284,0.026458316343412225,0.035845612038573726,0.06873326008160152]],"strongThresholds_list":[4.662286516349218,6.309494939683107,6.7899335090847845,3.0697238867802006],"weakThreshold":6.366569317735543,"sw_threshold":3.080858780036558},{"value_list":[0.8854925025145375,3.0318580099104198,4.837952595451776,6.887444052729206,8.020974347133667],"condProb_matrix":[[0.32592314187709137,0.07642317854322467,0.10225721042666014,0.1421219283246682,0.35327454082835563],[0.31133791116645493,0.26149610362517894,0.019526499892735583,0.2744493186913206,0.13319016662430994],[0.0898604592008515,0.40579128155115485,0.06178931117039144,0.21698932350677003,0.22556962457083218]],"type_list":[0.2072973414287406,0.7196591346714615,0.07304352389979796],"T":3,"c_W":1.954368708516694,"c_S":0.32487706963270746,"prob_matrix":[[0.2981838971609788,0.23367080656271097,0.03976338090656095,0.24282112193856542,0.18556079343118387],[0.32592314187709137,0.07642317854322467,0.10225721042666014,0.1421219283246682,0.35327454082835563],[0.31133791116645493,0.26149610362517894,0.019526499892735583,0.2744493186913206,0.13319016662430994],[0.0898604592008515,0.40579128155115485,0.06178931117039144,0.21698932350677003,0.22556962457083218]],"strongThresholds_list":[6.619896167359408,7.101440382280323,6.460837358863657,6.730988999437672],"weakThreshold":2.539801294586021,"sw_threshold":10.300220125283069},{"value_list":[0.6031288526594295,9.769542223772248],"condProb_matrix":[[0.1812663000969702,0.8187336999030298],[0.820471955891636,0.17952804410836398]],"type_list":[0.16689032914535162,0.8331096708546484],"T":2,"c_W":0.6143077095775853,"c_S":3.210591260369527,"prob_matrix":[[0.7137947136044939,0.2862052863955061],[0.1812663000969702,0.8187336999030298],[0.820471955891636,0.17952804410836398]],"strongThresholds_list":[0.01608796990711882,5.848089410403465,-0.961752269801287],"weakThreshold":1.352003192623866,"sw_threshold":-0.22444435686652142},{"value_list":[0.9856761027573708,3.597901253691027,4.667733849919694,6.508973658592126,9.588379391800219],"condProb_matrix":[[0.07042074580160218,0.28362783267150793,0.10907376388193857,0.277197896921512,0.25967976072343935],[0.20634900150924496,0.21715870113339752,0.14782091390041985,0.1887003713794253,0.23997101207751237],[0.19940568470435316,0.1644561757833336,0.28932113466453535,0.26817262012128507,0.07864438472649282]],"type_list":[0.15022479762641566,0.7051459290179614,0.14462927335562292],"T":3,"c_W":0.20368222294609628,"c_S":0.3656451215065648,"prob_matrix":[[0.18492499993968323,0.2195216850217277,0.16246520523906738,0.2134889078318963,0.2195992019676253],[0.07042074580160218,0.28362783267150793,0.10907376388193857,0.277197896921512,0.25967976072343935],[0.20634900150924496,0.21715870113339752,0.14782091390041985,0.1887003713794253,0.23997101207751237],[0.19940568470435316,0.1644561757833336,0.28932113466453535,0.26817262012128507,0.07864438472649282]],"strongThresholds_list":[7.923745105338545,8.180569219206081,8.064528159492678,6.153158082677804],"weakThreshold":7.107892574405099,"sw_threshold":8.850794761153939},{"value_list":[0.5665450233740594,3.2964726570444336,4.463523020433984,6.001751338398952,8.718554959167607],"condProb_matrix":[[0.010938133339290279,0.13197375121565902,0.24809414586159562,0.01869390879367927,0.5903000607897758],[0.2173660305298244,0.42407695425713565,0.05357884534265245,0.2344147655973723,0.07056340427301522],[0.2959538704539658,0.24491224389462285,0.14938685579452682,0.1332499064788052,0.17649712337807932]],"type_list":[0.12731863403570554,0.44922637782458763,0.42345498813970683],"T":3,"c_W":2.0038427399267755,"c_S":0.2578049883883843,"prob_matrix":[[0.224362325455665,0.3110185831468286,0.11891464763335642,0.1641107165579061,0.18159372720624384],[0.010938133339290279,0.13197375121565902,0.24809414586159562,0.01869390879367927,0.5903000607897758],[0.2173660305298244,0.42407695425713565,0.05357884534265245,0.2344147655973723,0.07056340427301522],[0.2959538704539658,0.24491224389462285,0.14938685579452682,0.1332499064788052,0.17649712337807932]],"strongThresholds_list":[7.298511268123001,8.281687348598894,5.784886853064731,7.257317303330815],"weakThreshold":2.40141665540225,"sw_threshold":10.980202687482768},{"value_list":[1.9108120209965502,3.7720136624601173,5.221123328996751,7.723982420039005,9.319521497920586],"condProb_matrix":[[0.24338860879245738,0.22433629547441436,0.14641269846376936,0.24385201928638356,0.14201037798297533],[0.045284373260875976,0.13936698143446025,0.4184502742804932,0.02748719938593891,0.3694111716382317],[0.15325698663609588,0.16595845412332288,0.21370167462995637,0.32491176160433577,0.1421711230062891]],"type_list":[0.210536804327216,0.2674799391764814,0.5219832564963026],"T":3,"c_W":1.7451670238976675,"c_S":1.495772585976833,"prob_matrix":[[0.14335250227539478,0.17113645278747283,0.2543010116024725,0.22829059868535811,0.2029194346493018],[0.24338860879245738,0.22433629547441436,0.14641269846376936,0.24385201928638356,0.14201037798297533],[0.045284373260875976,0.13936698143446025,0.4184502742804932,0.02748719938593891,0.3694111716382317],[0.15325698663609588,0.16595845412332288,0.21370167462995637,0.32491176160433577,0.1421711230062891]],"strongThresholds_list":[5.085727895544217,4.65104547957162,5.440431837993387,5.074393150082363],"weakThreshold":2.7862556778887155,"sw_threshold":12.560461107795089},{"value_list":[1.747123954498298,3.308449493686039,4.031299762776664,7.016673937650625,9.177061390115181],"condProb_matrix":[[0.0794011039841398,0.04890106365083946,0.45107721353501606,0.38712608653934744,0.03349453229065724],[0.21575207507508165,0.2505565016220336,0.09965606273348504,0.277928359415741,0.15610700115365872],[0.058815811390497186,0.11156532277764242,0.19015567029452107,0.1278329821785591,0.5116302133587802]],"type_list":[0.23616814988427037,0.0917083711667892,0.6721234789489404],"T":3,"c_W":0.02648172356679257,"c_S":0.1102784205600632,"prob_matrix":[[0.07806977097667911,0.10951267525416786,0.24347745682592117,0.20283475747928226,0.36610533946394963],[0.0794011039841398,0.04890106365083946,0.45107721353501606,0.38712608653934744,0.03349453229065724],[0.21575207507508165,0.2505565016220336,0.09965606273348504,0.277928359415741,0.15610700115365872],[0.058815811390497186,0.11156532277764242,0.19015567029452107,0.1278329821785591,0.5116302133587802]],"strongThresholds_list":[8.875832884096592,6.92662794709892,8.469993102204871,8.96144263553268],"weakThreshold":8.884366612558475,"sw_threshold":8.740803217193942},{"value_list":[0.04155828442924192,2.859782280471469,4.692351877768696,7.031392092449375,9.039247116774824],"condProb_matrix":[[0.25648425342567316,0.5781941691093285,0.06860835559583223,0.06391915381139024,0.03279406805777585],[0.0831406575059147,0.02278160404566032,0.0643876171115475,0.6620856982790243,0.16760442305785317],[0.052322283263009584,0.00630238046057785,0.27349107634462955,0.38930362662858564,0.2785806333031974]],"type_list":[0.09654423799719858,0.23768009093195674,0.6657756710708447],"T":3,"c_W":2.2205280339013127,"c_S":2.06301557420328,"prob_matrix":[[0.0793578590927995,0.06543202077271687,0.20401110098643843,0.42272449823881314,0.22847452090923207],[0.25648425342567316,0.5781941691093285,0.06860835559583223,0.06391915381139024,0.03279406805777585],[0.0831406575059147,0.02278160404566032,0.0643876171115475,0.6620856982790243,0.16760442305785317],[0.052322283263009584,0.00630238046057785,0.27349107634462955,0.38930362662858564,0.2785806333031974]],"strongThresholds_list":[4.597646289073216,0.8853201636701162,4.950547508957812,4.779956957246431],"weakThreshold":2.1616052525281644,"sw_threshold":13.322790724879418},{"value_list":[0.6691282413605026,2.5455826110770756,4.509496309680584,7.017362645370753,8.237632511616546],"condProb_matrix":[[0.005631950455092238,0.025624075321949547,0.0379052364494441,0.8523308959128815,0.07850784186063264],[0.09390784057446577,0.14275530874804554,0.15384507698828753,0.26606917425118626,0.3434225994380149],[0.08854300596380715,0.4413263176343205,0.014537501422859145,0.42544384741977415,0.030149327559239048]],"type_list":[0.24271313583017617,0.43098463710125956,0.32630222706856427],"T":3,"c_W":0.34543281156625194,"c_S":4.378257839301652,"prob_matrix":[[0.07073156498408013,0.21175040491724106,0.08024858256893268,0.460366905926129,0.17690254160361712],[0.005631950455092238,0.025624075321949547,0.0379052364494441,0.8523308959128815,0.07850784186063264],[0.09390784057446577,0.14275530874804554,0.15384507698828753,0.26606917425118626,0.3434225994380149],[0.08854300596380715,0.4413263176343205,0.014537501422859145,0.42544384741977415,0.030149327559239048]],"strongThresholds_list":[1.3025307390348648,2.499855838126678,1.5175160180830984,0.1038930950348208],"weakThreshold":1.3460521323571335,"sw_threshold":1.210377468176343},{"value_list":[0.11328931818943655,2.2058011971713647,5.278627822635988,7.004786977235439,9.273449920958239],"condProb_matrix":[[0.0717392065749819,0.08041770879506627,0.44227578117024535,0.15037457624084172,0.25519272721886477],[0.10439491298260872,0.5299174133659033,0.03270073590415201,0.13923050156740358,0.19375643617993243],[0.5400647866250476,0.13517684956994513,0.20397942498387256,0.08132771066403499,0.03945122815709967]],"type_list":[0.12668629009082755,0.7131151564805219,0.16019855342865053],"T":3,"c_W":2.1904921991395416,"c_S":1.773043747792139,"prob_matrix":[[0.1700515662174929,0.4097350960971785,0.11202687712642297,0.13136635970207533,0.17682010085683034],[0.0717392065749819,0.08041770879506627,0.44227578117024535,0.15037457624084172,0.25519272721886477],[0.10439491298260872,0.5299174133659033,0.03270073590415201,0.13923050156740358,0.19375643617993243],[0.5400647866250476,0.13517684956994513,0.20397942498387256,0.08132771066403499,0.03945122815709967]],"strongThresholds_list":[3.2800472428072434,4.6958526515752155,3.2039795140536205,1.1682889501045273],"weakThreshold":0.11086705653444433,"sw_thresh